Código do Município,Sigla da Unidade da Federação,Municípios e classes de tamanho da população dos municípios (habitantes),0 a 5 anos,6 a 14 anos,15 a 24 anos,25 a 39 anos,40 a 59 anos,60 anos ou mais
4200051,SC,Abdon Batista,7.8,13.9,16.0,19.7,28.4,14.2
1700251,TO,Abreulândia,12.1,19.5,14.7,23.2,20.9,9.6
3100401,MG,Acaiaca,8.0,15.4,16.7,22.2,22.6,15.2
4300034,RS,Aceguá,7.6,16.2,15.3,21.5,25.8,13.5
5200159,GO,Adelândia,7.6,13.3,16.9,22.6,25.8,13.8
3500204,SP,Adolfo,6.9,12.2,15.6,21.1,28.3,15.9
4200309,SC,Agronômica,8.7,14.5,17.7,22.1,25.5,11.6
3100708,MG,Água Comprida,6.3,12.7,17.3,22.3,26.3,15.1
5200209,GO,Água Limpa,6.7,13.4,16.2,21.8,25.7,16.2
2400406,RN,Água Nova,8.6,17.0,20.8,23.3,19.1,11.4
4300059,RS,Água Santa,8.0,13.8,16.9,20.5,27.4,13.5
3100807,MG,Aguanil,7.3,14.1,15.1,21.5,26.9,15.1
3500600,SP,Águas de São Pedro,5.0,11.0,13.0,20.0,26.3,24.9
4200556,SC,Águas Frias,6.7,14.8,17.0,20.2,27.7,13.6
2900603,BA,Aiquara,9.6,15.8,18.8,20.6,21.8,13.4
3101300,MG,Alagoa,7.1,14.2,14.8,18.1,30.6,15.2
3500758,SP,Alambari,8.6,16.7,17.3,23.6,22.2,11.7
3101409,MG,Albertina,7.3,14.5,16.4,24.7,23.8,13.3
5000252,MS,Alcinópolis,8.8,15.1,18.5,25.8,23.6,8.3
4300455,RS,Alegria,5.3,13.1,12.8,16.5,31.5,20.8
3500808,SP,Alfredo Marcondes,5.9,11.4,15.4,20.5,26.5,20.3
2500577,PB,Algodão de Jandaíra,11.5,17.2,19.6,21.2,17.5,13.1
2400604,RN,Almino Afonso,9.1,14.7,18.7,22.6,21.8,13.1
4300471,RS,Almirante Tamandaré do Sul,6.1,11.2,14.2,19.9,31.1,17.5
5200506,GO,Aloândia,6.1,12.6,13.9,22.6,26.4,18.4
3500907,SP,Altair,9.0,14.4,17.9,26.2,21.6,11.0
4100459,PR,Altamira do Paraná,7.9,16.8,17.2,20.2,25.0,13.0
3501103,SP,Alto Alegre,6.3,11.2,15.6,20.9,26.4,19.7
4300554,RS,Alto Alegre,5.7,11.6,14.8,17.8,31.4,18.7
4200754,SC,Alto Bela Vista,6.5,11.9,13.6,17.7,30.7,19.6
4300570,RS,Alto Feliz,5.1,10.8,15.1,21.8,28.7,18.5
5200555,GO,Alto Horizonte,9.5,15.5,19.6,26.4,21.0,8.1
4128625,PR,Alto Paraíso,8.1,15.6,16.4,22.5,24.6,13.0
3102209,MG,Alvarenga,8.2,15.1,16.6,21.3,24.1,14.8
3501202,SP,Álvares Florence,5.0,11.0,13.5,19.2,30.6,20.8
3501400,SP,Álvaro de Carvalho,6.7,11.1,17.5,36.1,18.8,9.8
3501509,SP,Alvinlândia,9.1,15.2,16.7,23.1,22.7,13.2
3102407,MG,Alvorada de Minas,11.4,21.2,17.7,19.9,19.6,10.1
5200829,GO,Amaralina,7.9,16.2,15.9,21.0,28.3,10.8
5200902,GO,Amorinópolis,6.2,14.0,14.1,20.3,29.1,16.4
2500734,PB,Amparo,11.4,14.9,19.0,22.8,19.3,12.7
2800100,SE,Amparo de São Francisco,10.4,18.3,19.5,22.6,18.3,11.0
4101051,PR,Anahy,7.8,14.8,15.7,21.1,25.2,15.5
3502002,SP,Analândia,8.6,13.5,16.8,23.2,23.6,14.3
4300661,RS,André da Rocha,7.1,12.8,14.0,18.3,31.0,16.9
1701051,TO,Angico,10.8,19.2,18.6,20.9,19.5,11.0
4101150,PR,Ângulo,7.7,13.9,17.0,22.4,25.5,13.4
5201207,GO,Anhanguera,7.5,13.6,14.5,23.2,26.8,14.4
3502408,SP,Anhumas,7.7,14.5,17.0,21.9,25.1,13.9
4201109,SC,Anitápolis,7.7,14.1,15.1,20.7,27.8,14.6
2200806,PI,Antônio Almeida,9.3,17.4,19.2,20.8,21.6,11.8
3103108,MG,Antônio Prado de Minas,5.4,12.5,14.6,20.0,28.1,19.4
5201454,GO,Aparecida do Rio Doce,7.8,14.6,18.5,24.3,22.9,11.9
1701101,TO,Aparecida do Rio Negro,11.8,18.6,16.4,23.2,18.9,11.1
3502606,SP,Aparecida d'Oeste,5.8,12.7,14.5,19.5,28.6,18.9
5201504,GO,Aporé,9.9,13.9,17.0,24.6,24.3,10.3
4201273,SC,Arabutã,7.2,11.9,14.1,21.5,26.5,18.8
3103207,MG,Araçaí,7.5,15.9,16.6,20.9,25.5,13.7
3103306,MG,Aracitaba,5.4,13.2,15.5,17.9,30.6,17.3
5201603,GO,Araçu,6.5,13.8,16.0,22.0,26.1,15.7
5101001,MT,Araguaiana,8.4,14.8,16.7,25.3,23.3,11.4
5101209,MT,Araguainha,7.8,14.7,14.2,22.5,25.3,15.5
4300851,RS,Arambaré,6.4,14.7,13.5,18.5,27.9,19.0
3103603,MG,Arantina,6.6,15.3,13.9,19.9,29.2,15.1
3503158,SP,Arapeí,8.3,14.8,16.7,20.1,25.9,14.2
3103801,MG,Arapuá,6.3,12.3,13.5,22.9,27.2,17.8
4101655,PR,Arapuã,7.1,15.1,16.3,19.4,25.4,16.7
4300877,RS,Araricá,8.2,15.4,16.0,23.8,25.5,11.2
3503356,SP,Arco-Íris,6.4,12.1,16.1,21.3,26.6,17.6
2501153,PB,Areia de Baraúnas,8.9,17.3,21.4,21.9,19.5,11.1
3503505,SP,Areias,9.2,16.4,17.1,22.0,23.2,12.2
5202353,GO,Arenópolis,7.2,12.8,14.3,22.1,27.9,15.8
3104403,MG,Argirita,6.2,13.4,16.3,20.1,25.1,18.9
3104452,MG,Aricanduva,10.0,19.1,19.0,20.5,20.4,11.1
4101853,PR,Ariranha do Ivaí,7.4,13.4,15.7,20.6,26.2,16.7
2200954,PI,Aroeiras do Itaim,7.0,14.9,17.4,22.5,23.0,15.3
2201002,PI,Arraial,9.4,19.7,19.8,19.0,20.4,11.8
4301073,RS,Arroio do Padre,6.3,12.2,15.2,23.4,23.7,19.1
4201604,SC,Arroio Trinta,5.7,12.4,15.9,21.1,30.3,14.5
4201653,SC,Arvoredo,6.8,14.4,18.3,19.6,28.1,12.9
3503950,SP,Aspásia,6.3,11.7,16.2,19.4,29.1,17.3
2501351,PB,Assunção,10.3,17.3,19.5,22.8,18.3,11.7
4102208,PR,Atalaia,6.1,13.1,15.1,22.1,28.0,15.7
4201802,SC,Atalanta,6.6,14.5,17.5,20.1,28.2,13.2
3104809,MG,Augusto de Lima,9.3,16.0,17.3,21.2,22.5,13.8
4301552,RS,Áurea,5.4,12.6,13.5,20.6,28.7,19.3
5202601,GO,Aurilândia,5.6,11.3,16.5,19.7,28.1,18.8
1702703,TO,Aurora do Tocantins,9.6,17.4,15.7,23.5,21.4,12.4
3504305,SP,Avaí,8.0,15.5,18.5,21.7,24.0,12.3
5202809,GO,Avelinópolis,7.8,13.4,15.6,23.6,26.2,13.5
3504701,SP,Balbinos,2.8,4.6,19.5,49.7,17.1,6.4
5203104,GO,Baliza,8.0,15.4,16.1,21.8,27.2,11.5
3105202,MG,Bandeira,8.0,15.9,16.1,20.5,24.2,15.4
4202081,SC,Bandeirante,7.4,13.9,16.1,17.8,27.8,16.9
1703057,TO,Bandeirantes do Tocantins,11.0,20.2,16.2,26.0,18.1,8.6
1501253,PA,Bannach,11.9,18.7,16.9,25.0,19.9,7.6
3505005,SP,Barão de Antonina,8.7,15.7,15.6,19.7,25.4,15.0
2501534,PB,Baraúna,10.6,16.3,18.2,21.9,19.2,14.0
2401503,RN,Barcelona,7.8,17.6,18.1,19.9,21.0,15.6
4202099,SC,Barra Bonita,7.0,14.9,15.8,17.5,28.4,16.4
2201176,PI,Barra D'Alcântara,9.3,17.4,16.9,22.9,20.0,13.6
4301859,RS,Barra do Guarita,8.6,15.0,16.8,20.6,24.9,14.2
4102703,PR,Barra do Jacaré,6.1,12.0,16.2,20.9,28.2,16.8
1703073,TO,Barra do Ouro,12.7,22.8,18.1,20.3,17.2,8.9
4301875,RS,Barra do Quaraí,9.8,17.4,17.2,22.9,23.2,9.5
4301925,RS,Barra do Rio Azul,4.8,11.2,14.3,18.3,33.3,18.2
4301958,RS,Barra Funda,6.2,12.2,16.0,21.4,29.0,15.3
2201309,PI,Barreiras do Piauí,10.2,21.2,18.4,20.8,19.1,10.4
4102752,PR,Bela Vista da Caroba,7.7,16.8,15.3,17.0,28.6,14.7
2201556,PI,Bela Vista do Piauí,9.5,18.7,17.8,23.9,20.0,10.1
2700805,AL,Belém,9.1,18.1,19.5,22.1,18.4,12.8
2201572,PI,Belém do Piauí,9.0,16.2,17.5,24.3,21.0,12.0
3106101,MG,Belmiro Braga,7.8,14.9,15.4,20.6,25.5,15.8
4202156,SC,Belmonte,8.1,14.0,16.8,20.8,25.8,14.6
4302055,RS,Benjamin Constant do Sul,8.2,20.9,18.5,16.3,23.2,12.9
3506201,SP,Bento de Abreu,7.9,14.1,16.2,25.5,23.8,12.5
3106655,MG,Berizal,9.4,16.8,19.6,21.9,21.0,11.4
2502052,PB,Bernardino Batista,12.2,19.7,18.5,19.6,18.7,11.3
1703206,TO,Bernardo Sayão,10.7,17.8,18.0,24.5,20.0,9.0
3106606,MG,Bertópolis,11.2,17.9,17.3,20.7,19.9,13.1
3106804,MG,Bias Fortes,7.0,14.3,14.3,20.8,27.0,16.5
3107000,MG,Biquinhas,5.3,12.2,14.9,18.9,29.0,19.6
4103008,PR,Boa Esperança,6.7,13.0,15.5,21.7,28.3,14.8
4103024,PR,Boa Esperança do Iguaçu,7.3,17.6,16.1,22.7,25.5,10.9
4302154,RS,Boa Vista das Missões,6.9,16.4,16.5,20.0,27.3,13.0
4302220,RS,Boa Vista do Cadeado,5.6,13.2,14.7,20.0,29.7,16.8
4302238,RS,Boa Vista do Incra,7.6,12.6,15.8,23.1,27.0,13.9
4302253,RS,Boa Vista do Sul,4.4,9.0,13.0,19.8,31.3,22.5
2201804,PI,Bocaina,7.1,14.9,15.0,22.3,23.8,16.9
4202438,SC,Bocaina do Sul,8.2,15.2,16.9,20.4,26.4,13.0
2401651,RN,Bodó,10.1,16.9,19.7,24.0,18.4,10.9
4202503,SC,Bom Jardim da Serra,8.1,15.8,17.9,20.9,25.8,11.7
2502201,PB,Bom Jesus,9.5,17.3,18.0,21.7,19.6,13.9
4202537,SC,Bom Jesus,8.7,15.1,16.9,23.1,25.6,10.5
3107604,MG,Bom Jesus da Penha,6.7,14.3,15.2,22.5,27.0,14.3
4202578,SC,Bom Jesus do Oeste,6.9,13.2,16.1,19.3,27.5,16.9
4103156,PR,Bom Jesus do Sul,7.4,16.7,16.0,19.0,24.9,16.0
1703305,TO,Bom Jesus do Tocantins,12.5,19.7,19.6,23.2,17.4,7.8
4302378,RS,Bom Progresso,6.3,15.0,16.4,18.3,29.4,14.6
3507159,SP,Bom Sucesso de Itararé,10.5,19.9,19.1,23.1,19.5,8.1
4103222,PR,Bom Sucesso do Sul,7.1,13.0,17.4,19.9,27.8,14.7
5203575,GO,Bonópolis,9.0,17.8,17.0,24.0,22.3,9.9
3507209,SP,Borá,7.6,12.1,17.9,26.7,25.1,10.7
3507308,SP,Boracéia,8.5,14.3,18.1,23.2,22.7,13.2
3507456,SP,Borebi,9.1,15.9,18.3,21.8,24.2,10.8
4202701,SC,Botuverá,6.5,11.2,18.3,22.4,28.3,13.3
4302584,RS,Bozano,6.2,11.1,13.8,18.7,29.3,20.9
4202859,SC,Braço do Trombudo,8.6,12.5,16.7,24.8,23.3,14.2
4302600,RS,Braga,8.2,14.8,15.5,19.5,25.9,16.1
3108701,MG,Brás Pires,7.2,15.8,16.0,18.9,25.5,16.6
4103370,PR,Brasilândia do Sul,7.2,13.3,17.1,20.0,26.8,15.5
1703602,TO,Brasilândia do Tocantins,11.1,18.4,17.9,22.3,20.2,10.3
5203609,GO,Brazabrantes,7.2,14.8,17.0,22.7,25.5,12.9
3507753,SP,Brejo Alegre,7.1,14.9,16.0,25.7,23.4,13.0
2201988,PI,Brejo do Piauí,10.0,18.9,16.9,23.0,19.5,11.6
4302659,RS,Brochier,5.5,11.0,14.8,19.8,29.1,19.7
4202875,SC,Brunópolis,7.3,16.8,15.2,21.8,25.3,13.7
3109253,MG,Bugre,8.7,15.6,16.8,20.8,23.4,14.8
5203939,GO,Buriti de Goiás,6.5,13.8,15.6,23.3,27.7,13.3
5203962,GO,Buritinópolis,9.6,17.1,19.1,23.0,21.2,10.0
3508207,SP,Buritizal,7.6,12.1,16.1,24.3,24.7,15.3
3508306,SP,Cabrália Paulista,8.3,15.4,17.6,23.4,23.2,12.2
3109600,MG,Cachoeira da Prata,6.2,13.0,15.7,22.9,25.8,16.4
5204201,GO,Cachoeira de Goiás,7.5,15.2,16.2,22.0,24.6,14.4
3109808,MG,Cachoeira Dourada,8.8,14.6,16.8,22.3,24.0,13.5
1703826,TO,Cachoeirinha,13.0,21.3,18.3,21.4,17.0,9.1
2503407,PB,Cacimba de Areia,9.0,15.2,19.5,22.8,20.9,12.6
4303202,RS,Cacique Doble,7.9,14.4,16.5,18.6,26.8,15.9
4103404,PR,Cafeara,7.2,13.9,17.7,22.2,25.4,13.6
4103479,PR,Cafezal do Sul,7.0,12.9,15.6,21.2,26.9,16.3
3508900,SP,Caiabu,7.1,13.1,17.6,20.6,26.3,15.4
3110103,MG,Caiana,8.7,16.0,18.1,22.8,23.6,10.8
4303301,RS,Caibaté,6.4,12.9,14.5,19.0,30.1,17.2
2401909,RN,Caiçara do Rio do Vento,9.0,15.7,20.7,23.0,19.0,12.6
2202075,PI,Cajazeiras do Piauí,10.2,18.0,19.9,21.3,18.2,12.5
2503753,PB,Cajazeirinhas,10.5,16.6,18.4,21.6,21.3,11.6
3110202,MG,Cajuri,7.1,14.5,17.5,22.0,24.5,14.5
5204557,GO,Caldazinha,7.3,15.0,15.9,25.5,24.2,12.1
4203154,SC,Calmon,11.5,22.7,17.6,20.4,20.9,7.1
3110400,MG,Camacho,6.6,13.7,16.9,23.7,25.2,14.0
4303558,RS,Camargo,6.3,12.2,15.3,19.6,29.2,17.4
3110806,MG,Campanário,7.8,18.9,18.2,20.8,21.5,12.8
4303673,RS,Campestre da Serra,6.9,13.9,12.9,20.8,28.8,16.7
5204607,GO,Campestre de Goiás,7.7,15.7,18.0,23.1,23.8,11.8
4103958,PR,Campina do Simão,9.5,19.6,16.4,21.3,24.1,9.2
5204656,GO,Campinaçu,7.8,16.1,15.2,24.1,24.4,12.4
2202117,PI,Campo Alegre do Fidalgo,10.6,18.4,20.7,22.5,18.4,9.5
3111150,MG,Campo Azul,8.9,18.9,17.2,19.1,21.4,14.5
4104055,PR,Campo Bonito,8.1,17.5,18.0,21.0,23.6,11.8
4304101,RS,Campos Borges,6.5,12.7,14.9,20.9,27.5,17.6
3509809,SP,Campos Novos Paulista,8.6,15.7,15.3,22.1,23.9,14.4
3111705,MG,Canaã,6.9,13.2,17.0,23.0,25.0,14.9
5102694,MT,Canabrava do Norte,11.2,18.6,17.7,24.8,19.7,8.1
3509957,SP,Canas,10.4,16.6,18.1,22.9,23.0,9.0
2202251,PI,Canavieira,10.5,19.2,17.1,21.2,19.5,12.5
3510104,SP,Cândido Rodrigues,5.7,10.8,16.4,20.3,27.2,19.6
2801108,SE,Canhoba,10.7,20.1,20.2,20.6,18.2,10.4
3510153,SP,Canitar,10.4,18.8,16.7,25.0,19.9,9.3
3112059,MG,Cantagalo,10.2,16.0,20.8,20.6,19.6,12.9
4304614,RS,Canudos do Vale,4.8,10.6,13.7,20.4,31.4,19.2
4203253,SC,Capão Alto,7.7,15.5,14.6,20.3,26.7,15.1
4304622,RS,Capão Bonito do Sul,6.2,14.3,15.1,19.9,27.0,17.5
4304655,RS,Capão do Cipó,7.9,14.8,15.1,21.1,28.3,12.9
3112208,MG,Capela Nova,7.2,12.9,15.1,20.7,27.6,16.6
4304697,RS,Capitão,7.4,12.7,15.2,20.0,28.0,16.6
3112653,MG,Capitão Andrade,10.2,15.4,16.7,20.1,23.2,14.5
2202455,PI,Capitão Gervásio Oliveira,10.8,17.6,17.5,23.5,18.9,11.6
4304671,RS,Capivari do Sul,8.0,14.9,15.8,21.5,28.7,11.2
3113107,MG,Caranaíba,7.2,15.6,16.9,21.1,25.6,13.7
2504074,PB,Caraúbas,9.0,17.0,16.9,19.8,21.2,16.2
2202554,PI,Caridade do Piauí,10.9,18.7,21.1,22.4,16.7,10.2
1703867,TO,Cariri do Tocantins,9.1,15.3,18.7,26.7,20.7,9.6
4304853,RS,Carlos Gomes,4.8,12.5,14.1,20.7,29.7,18.3
3113800,MG,Carmésia,9.4,16.6,16.6,21.0,22.4,14.0
1703883,TO,Carmolândia,11.6,19.0,19.6,21.0,20.1,8.8
3114600,MG,Carrancas,7.7,14.8,15.9,20.0,26.8,14.9
2504108,PB,Carrapateira,9.6,18.4,19.5,22.2,20.3,10.1
1703891,TO,Carrasco Bonito,13.8,22.6,20.9,18.8,16.2,7.7
3114709,MG,Carvalhópolis,7.3,14.9,14.1,20.4,27.1,16.3
3114808,MG,Carvalhos,5.6,12.8,16.8,19.6,29.2,16.0
3114907,MG,Casa Grande,6.9,14.5,15.7,25.0,22.9,15.1
3115003,MG,Cascalho Rico,8.0,13.3,14.0,22.8,25.7,16.4
1703909,TO,Caseara,11.6,19.9,17.1,21.5,20.7,9.2
4304952,RS,Caseiros,7.1,14.9,13.5,18.6,29.0,16.9
3510906,SP,Cássia dos Coqueiros,6.9,14.2,16.1,21.0,26.5,15.2
1100908,RO,Castanheiras,8.1,17.5,17.5,23.1,22.3,11.5
5205059,GO,Castelândia,8.2,13.9,16.4,24.4,24.8,12.3
3115359,MG,Catas Altas,8.5,16.6,16.7,24.9,22.9,10.5
3115409,MG,Catas Altas da Noruega,7.8,15.7,19.2,23.0,21.4,12.9
2504207,PB,Catingueira,9.6,17.5,18.8,21.2,20.3,12.5
2907400,BA,Catolândia,9.5,16.5,16.4,23.2,20.4,14.0
5205208,GO,Caturaí,9.2,13.8,16.6,23.8,25.8,10.9
2504355,PB,Caturité,10.2,16.7,18.1,21.7,20.4,13.0
4204103,SC,Caxambu do Sul,6.8,13.7,16.4,18.6,29.2,15.4
3115607,MG,Cedro do Abaeté,6.1,15.7,14.4,21.2,25.2,17.4
4204152,SC,Celso Ramos,7.0,14.4,17.4,20.7,26.5,13.9
1704105,TO,Centenário,10.1,20.4,18.1,20.2,20.2,11.0
4305116,RS,Centenário,5.4,11.0,14.2,20.4,30.0,19.0
4305132,RS,Cerro Branco,6.1,12.0,14.1,20.8,28.9,18.0
4305157,RS,Cerro Grande,7.1,14.5,14.9,17.2,29.4,16.9
4204178,SC,Cerro Negro,7.7,17.0,15.8,21.2,24.6,13.7
3115904,MG,Chácara,6.0,15.0,15.3,19.0,28.4,16.4
1705102,TO,Chapada da Natividade,10.6,19.6,17.0,19.7,21.0,12.1
1704600,TO,Chapada de Areia,8.8,16.3,16.6,21.5,24.4,12.4
4204194,SC,Chapadão do Lageado,9.2,17.6,16.4,21.5,25.9,9.4
4305371,RS,Charrua,8.8,18.4,16.4,18.6,23.5,14.4
3116209,MG,Chiador,8.4,14.2,15.9,19.5,26.3,15.8
4305405,RS,Chiapetta,7.4,13.9,14.9,20.1,28.1,15.5
4305447,RS,Chuvisca,9.0,15.4,16.4,23.6,24.4,11.1
4305504,RS,Ciríaco,5.9,12.7,16.0,19.5,27.8,18.1
3116407,MG,Claraval,8.7,15.4,17.1,21.8,24.6,12.5
2202711,PI,Cocal de Telha,9.1,17.8,17.0,22.5,20.8,12.8
2202737,PI,Coivaras,10.3,16.8,18.0,22.8,19.6,12.6
4305587,RS,Colinas,4.7,8.7,13.2,19.0,29.1,25.4
5205521,GO,Colinas do Sul,10.6,17.9,16.8,21.4,22.2,11.1
4305603,RS,Colorado,5.6,10.2,15.0,18.5,29.9,20.9
1705557,TO,Combinado,10.8,17.6,17.7,24.6,20.0,9.4
3116902,MG,Comendador Gomes,9.0,13.7,16.1,24.6,25.0,11.6
3115201,MG,Conceição da Barra de Minas,6.9,14.6,17.2,23.1,24.6,13.7
3117207,MG,Conceição das Pedras,7.0,12.8,15.8,23.9,26.4,14.2
3117405,MG,Conceição de Ipanema,8.1,13.4,14.5,22.1,25.7,16.2
2202802,PI,Conceição do Canindé,8.8,18.9,16.8,21.5,20.3,13.9
1705607,TO,Conceição do Tocantins,11.4,22.6,19.3,17.5,18.7,10.6
2504702,PB,Congo,8.6,17.3,17.0,21.5,20.4,15.2
3118106,MG,Congonhas do Norte,8.5,18.7,18.2,20.5,19.6,14.6
5103361,MT,Conquista D'Oeste,10.1,16.8,20.3,26.4,18.5,8.0
4106100,PR,Conselheiro Mairinck,7.7,15.0,17.8,20.9,24.3,14.3
3118502,MG,Consolação,7.0,14.8,15.3,19.8,25.4,17.7
2908804,BA,Contendas do Sincorá,8.8,16.2,17.6,21.6,21.5,14.4
4305835,RS,Coqueiro Baixo,3.4,10.3,10.4,15.5,31.0,29.4
4305850,RS,Coqueiros do Sul,5.5,13.2,13.3,17.3,30.9,19.8
4204350,SC,Cordilheira Alta,6.6,12.0,19.4,23.3,26.5,12.2
3119005,MG,Cordislândia,8.9,16.1,16.5,21.5,24.0,13.2
5003108,MS,Corguinho,8.8,16.0,15.3,22.4,25.3,12.1
4305871,RS,Coronel Barros,5.3,10.8,13.5,20.2,28.4,21.8
2402907,RN,Coronel João Pessoa,9.6,20.3,18.7,19.0,19.5,12.9
2202851,PI,Coronel José Dias,8.7,17.1,17.5,24.1,19.3,13.4
4204459,SC,Coronel Martins,6.2,16.6,17.3,20.3,26.5,13.1
3119609,MG,Coronel Pacheco,6.1,13.2,16.4,21.4,27.7,15.3
4305934,RS,Coronel Pilar,4.6,10.7,11.3,16.0,32.3,25.1
3119708,MG,Coronel Xavier Chaves,7.8,13.3,15.6,23.7,25.4,14.2
3119807,MG,Córrego Danta,6.6,13.2,14.3,19.8,27.7,18.5
3119906,MG,Córrego do Bom Jesus,5.6,11.7,14.6,18.9,27.9,21.4
5205703,GO,Córrego do Ouro,7.0,14.7,14.5,22.5,26.8,14.6
3120003,MG,Córrego Novo,9.3,14.6,16.5,20.4,24.9,14.4
3512704,SP,Corumbataí,7.4,15.6,16.9,23.5,23.5,13.2
4106555,PR,Corumbataí do Sul,7.1,15.1,16.0,20.4,25.9,15.5
4305959,RS,Cotiporã,3.6,10.5,14.5,18.2,31.5,21.8
3120102,MG,Couto de Magalhães de Minas,8.4,16.7,19.7,20.8,22.0,12.4
4305975,RS,Coxilha,7.5,14.5,16.7,22.2,26.6,12.5
2504850,PB,Coxixola,7.1,12.5,17.7,21.3,23.2,18.2
4306072,RS,Cristal do Sul,7.5,14.4,15.3,20.4,25.7,16.8
5206305,GO,Cristianópolis,7.9,13.3,15.3,22.7,25.8,15.0
1706258,TO,Crixás do Tocantins,9.3,20.0,13.8,24.5,22.3,10.2
5206503,GO,Cromínia,7.2,13.1,15.1,22.0,26.2,16.4
3120607,MG,Crucilândia,7.5,13.3,14.8,22.7,26.1,15.7
3513306,SP,Cruzália,6.2,12.5,16.1,20.3,30.4,14.5
4306130,RS,Cruzaltense,5.4,11.8,15.7,16.1,32.7,18.4
3120706,MG,Cruzeiro da Fortaleza,9.2,16.2,17.4,22.2,23.5,11.6
4106571,PR,Cruzeiro do Iguaçu,8.5,16.1,18.3,20.0,24.9,12.3
4106704,PR,Cruzeiro do Sul,7.9,13.2,17.3,22.4,26.7,12.5
4106852,PR,Cruzmaltina,7.0,13.3,15.5,22.7,27.0,14.5
5206602,GO,Cumari,7.2,12.9,14.0,21.8,26.3,17.8
2801900,SE,Cumbe,9.1,17.2,18.9,23.5,19.0,12.3
4204756,SC,Cunhataí,7.0,12.3,16.2,19.0,31.5,14.0
3120839,MG,Cuparaque,9.3,15.9,17.5,21.8,23.3,12.3
2203230,PI,Currais,12.8,19.4,18.9,20.5,18.2,10.3
2203271,PI,Curral Novo do Piauí,12.6,21.4,20.4,21.2,16.5,8.0
2505303,PB,Curral Velho,9.5,17.4,20.7,23.2,18.8,10.4
2203255,PI,Curralinhos,11.2,18.6,19.7,21.1,18.3,11.1
5103437,MT,Curvelândia,8.9,16.3,17.0,23.5,22.9,11.6
1600212,AP,Cutias,15.4,25.0,21.0,20.3,13.8,4.5
5206701,GO,Damianópolis,8.3,15.4,16.0,24.6,23.0,12.6
2505352,PB,Damião,10.8,19.3,19.4,20.3,17.9,12.3
5206800,GO,Damolândia,7.0,13.1,16.2,22.2,29.3,12.1
4306304,RS,David Canabarro,6.3,12.4,16.8,19.8,29.5,15.2
5206909,GO,Davinópolis,7.6,13.1,12.9,23.1,28.5,14.8
4306320,RS,Derrubadas,6.8,15.6,14.9,18.7,28.3,15.7
3121308,MG,Descoberto,6.9,13.6,16.6,22.2,25.4,15.4
3121506,MG,Desterro do Melo,6.6,12.8,15.6,22.0,27.1,16.0
4306353,RS,Dezesseis de Novembro,5.4,15.3,12.9,17.5,29.0,19.9
4107124,PR,Diamante do Sul,8.9,20.2,16.7,21.6,21.4,11.2
4306379,RS,Dilermando de Aguiar,7.0,13.8,13.9,17.9,27.9,19.5
3121704,MG,Diogo de Vasconcelos,7.0,16.7,16.5,19.2,23.0,17.6
5207105,GO,Diorama,7.5,12.3,15.5,22.3,27.4,15.1
3513850,SP,Dirce Reis,7.1,10.2,16.0,20.8,26.5,19.3
2802007,SE,Divina Pastora,11.4,19.6,18.7,23.9,18.0,8.4
3121902,MG,Divinésia,8.7,14.5,17.8,19.9,25.9,13.2
3122108,MG,Divino das Laranjeiras,8.2,15.3,16.5,20.0,24.2,15.8
3201803,ES,Divino de São Lourenço,9.0,16.6,17.9,22.9,23.6,10.0
5208301,GO,Divinópolis de Goiás,9.5,17.5,16.6,23.6,21.2,11.6
4306429,RS,Dois Irmãos das Missões,8.6,14.8,15.6,20.3,26.3,14.4
4306452,RS,Dois Lajeados,5.1,9.6,13.9,21.4,29.3,20.7
3514205,SP,Dolcinópolis,5.9,12.3,15.0,20.9,27.7,18.2
3122470,MG,Dom Bosco,7.9,17.0,18.3,20.8,25.0,11.0
3122603,MG,Dom Joaquim,8.6,16.5,17.1,19.8,22.3,15.6
2910206,BA,Dom Macedo Costa,7.8,14.7,18.3,24.4,20.6,14.1
4306551,RS,Dom Pedro de Alcântara,5.1,10.8,15.7,19.2,30.3,18.8
3122801,MG,Dom Viçoso,6.8,13.6,14.7,22.2,27.4,15.3
2203420,PI,Domingos Mourão,10.3,20.9,19.8,18.7,18.5,11.9
4205100,SC,Dona Emma,8.5,15.3,17.0,22.2,24.4,12.7
4306700,RS,Dona Francisca,6.4,12.2,17.9,18.3,28.1,17.1
3123304,MG,Dores do Turvo,6.1,16.1,16.5,19.8,25.5,16.0
3123403,MG,Doresópolis,7.9,13.8,14.8,24.4,26.0,13.1
3123502,MG,Douradoquara,7.4,11.5,16.6,21.8,26.7,16.0
4205159,SC,Doutor Pedrinho,8.6,14.1,16.1,21.2,25.7,14.4
4306759,RS,Doutor Ricardo,4.5,11.9,15.1,17.1,29.9,21.4
2505808,PB,Duas Estradas,8.9,18.0,18.2,19.2,19.3,16.5
1707306,TO,Dueré,10.2,16.8,17.4,22.1,21.9,11.7
5207352,GO,Edealina,6.9,15.0,14.3,22.4,26.3,15.1
2203602,PI,Eliseu Martins,9.5,16.1,17.3,22.5,20.3,14.3
3514924,SP,Elisiário,7.6,11.2,16.9,26.6,23.5,14.3
2505907,PB,Emas,10.9,18.5,18.4,23.8,17.4,11.0
3514957,SP,Embaúba,7.4,11.6,16.0,23.7,26.5,14.8
3515129,SP,Emilianópolis,6.8,12.1,16.4,21.9,26.0,16.8
4306924,RS,Engenho Velho,8.7,17.2,17.8,18.9,23.3,14.2
4205175,SC,Entre Rios,8.9,21.7,17.7,21.3,20.5,9.9
4107538,PR,Entre Rios do Oeste,7.2,13.8,16.4,23.5,26.2,12.9
4306957,RS,Entre Rios do Sul,7.1,14.0,14.9,17.6,27.3,19.2
4306973,RS,Erebango,7.0,15.5,17.7,19.5,25.2,15.2
4205191,SC,Ermo,8.3,13.9,18.1,21.8,25.1,12.8
4307054,RS,Ernestina,6.9,13.6,14.3,20.5,28.6,16.2
4205209,SC,Erval Velho,7.0,13.1,15.4,20.2,27.7,16.5
4307401,RS,Esmeralda,7.0,14.3,14.9,20.4,26.4,17.1
4307450,RS,Esperança do Sul,6.0,12.2,12.6,16.3,31.2,21.7
4107520,PR,Esperança Nova,6.0,13.4,13.5,21.0,27.1,19.0
4107546,PR,Espigão Alto do Iguaçu,9.6,17.9,16.0,19.4,23.0,14.1
3124401,MG,Espírito Santo do Dourado,6.7,12.8,15.1,22.3,27.5,15.6
3515194,SP,Espírito Santo do Turvo,9.7,15.7,18.8,23.3,23.0,9.5
3124609,MG,Estrela Dalva,7.4,13.0,17.3,20.0,25.4,17.0
3124708,MG,Estrela do Indaiá,6.7,13.8,14.0,20.5,27.0,18.0
3515301,SP,Estrela do Norte,9.0,13.6,18.8,21.2,25.2,12.2
5207501,GO,Estrela do Norte,8.0,14.0,18.2,21.9,25.7,12.2
4307815,RS,Estrela Velha,7.1,14.0,16.8,22.0,27.4,12.7
4307831,RS,Eugênio de Castro,5.9,13.2,13.3,17.6,30.6,19.5
3125002,MG,Ewbank da Câmara,8.3,15.6,18.4,22.4,24.5,10.8
4307864,RS,Fagundes Varela,5.8,10.2,12.5,20.6,30.7,20.2
3125200,MG,Fama,6.3,12.4,15.0,19.1,29.7,17.5
3125309,MG,Faria Lemos,8.3,14.4,16.9,19.4,24.8,16.2
4107553,PR,Farol,8.2,15.5,16.5,21.7,25.4,12.7
1707553,TO,Fátima,9.3,19.5,17.1,22.7,20.0,11.4
4308052,RS,Faxinalzinho,6.4,15.6,15.2,18.7,26.4,17.7
4308078,RS,Fazenda Vilanova,8.9,13.7,16.7,21.7,24.5,14.5
2702702,AL,Feliz Deserto,11.4,19.1,20.3,22.3,18.3,8.6
4107702,PR,Fênix,6.9,14.0,17.2,20.6,26.2,15.2
3125804,MG,Fernandes Tourinho,7.5,15.4,17.8,19.9,24.3,15.2
2605459,PE,Fernando de Noronha,8.8,11.6,15.7,33.1,27.1,3.7
2403756,RN,Fernando Pedroza,8.9,14.3,20.4,21.2,21.4,13.9
3515657,SP,Fernão,7.7,13.7,15.4,23.5,23.1,16.6
5003900,MS,Figueirão,9.3,14.8,15.5,26.9,23.7,9.9
5103809,MT,Figueirópolis D'Oeste,8.6,15.2,18.3,23.4,22.6,11.9
4107850,PR,Flor da Serra do Sul,7.8,16.8,16.8,20.4,26.0,12.2
4205357,SC,Flor do Sertão,6.8,14.3,16.1,19.7,27.3,15.8
3515806,SP,Flora Rica,5.5,12.9,15.6,17.8,27.5,20.7
3515905,SP,Floreal,4.3,10.4,14.8,19.8,29.6,21.2
2203800,PI,Flores do Piauí,10.8,17.7,17.2,21.6,20.6,12.2
2203859,PI,Floresta do Piauí,7.8,16.8,16.5,21.9,22.7,14.3
4308250,RS,Floriano Peixoto,4.2,12.1,13.2,18.2,31.6,20.7
4108106,PR,Flórida,7.7,13.8,15.8,21.8,26.6,14.4
3516101,SP,Florínia,7.1,13.7,15.7,21.4,26.4,15.7
4205431,SC,Formosa do Sul,6.3,15.0,18.3,19.0,26.7,14.8
5208103,GO,Formoso,7.7,14.6,15.3,22.1,26.5,13.7
4308433,RS,Forquetinha,3.9,9.8,12.4,17.9,32.5,23.5
3126307,MG,Fortaleza de Minas,7.9,14.6,16.5,22.1,25.6,13.3
1708254,TO,Fortaleza do Tabocão,10.8,17.7,18.7,23.9,20.2,8.6
4308458,RS,Fortaleza dos Valos,6.5,13.7,16.3,21.4,27.9,14.3
3126406,MG,Fortuna de Minas,8.0,15.7,17.3,23.5,22.9,12.6
2204105,PI,Francisco Ayres,9.3,16.3,18.4,19.1,21.7,15.3
2403905,RN,Francisco Dantas,8.1,14.5,18.1,22.8,22.5,14.0
3126604,MG,Francisco Dumont,9.8,17.7,18.1,22.6,20.6,11.2
2204154,PI,Francisco Macedo,9.1,16.3,18.8,24.4,19.9,11.5
3126950,MG,Frei Lagonegro,8.8,19.0,18.9,22.7,19.0,11.7
2506202,PB,Frei Martinho,8.3,13.6,16.0,21.3,22.0,18.8
4205555,SC,Frei Rogério,7.0,17.9,16.4,19.8,27.1,11.9
3127057,MG,Fronteira dos Vales,8.8,17.2,16.9,20.1,21.1,15.9
2404002,RN,Frutuoso Gomes,9.1,13.8,18.8,22.1,22.0,14.2
3127206,MG,Funilândia,8.7,17.0,16.8,22.1,22.9,12.5
3516507,SP,Gabriel Monteiro,6.3,10.6,14.4,22.2,29.0,17.5
2404101,RN,Galinhos,10.0,19.1,20.7,24.0,17.6,8.7
4205605,SC,Galvão,7.8,15.2,16.2,20.4,27.3,13.1
5208152,GO,Gameleira de Goiás,9.5,16.6,14.3,23.9,24.4,11.3
4308656,RS,Garruchos,7.3,14.3,14.9,20.6,28.3,14.6
3516804,SP,Gastão Vidigal,8.2,11.2,19.5,25.9,21.9,13.3
2911253,BA,Gavião,7.9,14.9,19.2,20.3,23.2,14.6
3516853,SP,Gavião Peixoto,8.5,14.4,19.2,24.9,22.5,10.6
2802502,SE,General Maynard,9.5,17.9,19.5,24.5,19.2,9.4
4308854,RS,Gentil,6.4,11.8,16.2,21.3,27.9,16.4
3127354,MG,Glaucilândia,8.4,16.4,16.9,22.4,22.1,13.8
3517109,SP,Glicério,8.4,13.9,15.7,23.3,25.0,13.9
5103957,MT,Glória D'Oeste,8.3,15.1,14.8,23.1,26.2,12.5
4108551,PR,Godoy Moreira,7.3,14.0,13.8,19.5,28.3,17.1
3127370,MG,Goiabeira,9.0,14.5,16.9,21.5,24.3,13.9
3127388,MG,Goianá,7.4,13.4,15.3,19.1,28.1,16.8
1708304,TO,Goianorte,9.5,19.9,16.4,22.4,21.4,10.5
3127404,MG,Gonçalves,6.7,15.0,14.6,21.4,26.9,15.4
5209150,GO,Gouvelândia,9.7,13.8,15.9,24.9,24.1,11.6
4309126,RS,Gramado dos Loureiros,7.8,15.7,15.3,17.2,29.1,14.9
4309159,RS,Gramado Xavier,9.9,17.4,17.0,22.3,23.5,10.0
2304806,CE,Granjeiro,9.5,19.6,19.3,21.8,17.7,12.0
3127909,MG,Grupiara,7.7,12.2,14.7,22.1,27.3,16.0
4309258,RS,Guabiju,4.6,10.1,15.0,16.5,33.5,20.2
4109005,PR,Guapirama,8.4,14.5,18.2,20.7,25.9,12.3
4109104,PR,Guaporema,7.3,14.0,18.4,21.3,24.9,14.2
3128253,MG,Guaraciama,8.6,15.5,18.4,22.6,23.4,11.4
5209291,GO,Guaraíta,6.4,13.1,15.2,21.0,30.2,14.0
2305100,CE,Guaramiranga,8.5,19.0,20.7,21.9,19.5,10.5
5209408,GO,Guarani de Goiás,9.2,16.6,17.4,22.4,22.6,11.7
3518008,SP,Guarani d'Oeste,7.4,12.6,15.4,20.6,26.8,17.2
3128501,MG,Guarará,7.6,14.5,16.4,21.7,25.7,14.3
2204550,PI,Guaribas,11.3,23.2,22.2,21.0,15.5,6.8
5209457,GO,Guarinos,6.7,13.8,13.8,21.1,28.8,15.9
4206603,SC,Guarujá do Sul,6.3,13.2,17.9,20.0,27.7,15.0
4206652,SC,Guatambú,8.0,15.8,18.4,20.7,25.8,11.3
2506509,PB,Gurjão,8.6,15.4,18.7,20.5,22.4,14.5
3518909,SP,Guzolândia,8.4,14.1,16.8,23.3,24.7,12.8
4309555,RS,Harmonia,6.1,12.8,15.9,22.6,28.1,14.5
5209606,GO,Heitoraí,7.7,14.4,16.8,21.7,25.4,14.0
4309571,RS,Herveiras,8.9,15.2,17.3,22.6,23.6,12.4
5209804,GO,Hidrolina,7.2,13.8,16.0,21.2,26.9,14.9
2204600,PI,Hugo Napoleão,9.4,17.3,17.9,21.9,21.0,12.5
4309704,RS,Humaitá,6.2,11.3,14.8,18.5,31.0,18.1
4309753,RS,Ibarama,8.5,14.3,16.6,22.8,24.2,13.6
4309803,RS,Ibiaçá,5.1,11.6,14.3,17.8,32.0,19.3
4206751,SC,Ibiam,6.4,13.7,16.6,20.6,28.8,14.0
4206801,SC,Ibicaré,6.7,13.1,13.9,20.0,28.8,17.5
2912608,BA,Ibiquera,10.1,18.9,17.8,20.1,20.3,12.8
4309951,RS,Ibirapuitã,7.2,14.9,16.0,19.2,26.5,16.2
3129905,MG,Ibitiúra de Minas,6.2,14.3,15.7,22.2,26.6,15.0
3130002,MG,Ibituruna,8.4,16.3,16.5,21.9,22.8,14.0
4110003,PR,Iguaraçu,7.6,13.2,18.7,23.0,24.8,12.6
4110052,PR,Iguatu,7.5,15.0,15.8,21.6,24.6,15.5
4310306,RS,Ilópolis,5.8,12.6,15.4,21.0,28.0,17.1
4310363,RS,Imigrante,5.2,9.4,12.3,20.6,28.2,24.2
4110300,PR,Inajá,7.5,15.1,17.0,22.3,24.1,13.9
3520608,SP,Indiana,6.8,12.5,17.3,23.3,25.3,14.9
4110409,PR,Indianópolis,7.2,13.4,15.8,20.6,27.2,15.8
3520707,SP,Indiaporã,6.2,10.7,15.1,21.3,27.8,18.9
5104500,MT,Indiavaí,10.4,16.9,17.4,24.0,21.7,9.6
3130804,MG,Ingaí,7.4,14.3,16.8,22.8,25.9,12.9
2607109,PE,Ingazeira,9.2,17.1,18.8,20.4,21.3,13.1
4310413,RS,Inhacorá,7.8,14.5,15.4,18.4,28.7,15.3
3520806,SP,Inúbia Paulista,7.6,13.0,16.3,23.0,25.3,14.8
4207577,SC,Iomerê,5.9,12.1,14.8,20.5,29.1,17.6
3131406,MG,Ipiaçu,7.6,13.1,16.2,22.4,25.3,15.6
3521150,SP,Ipiguá,7.5,12.6,16.0,22.9,25.9,15.1
4207601,SC,Ipira,6.3,13.7,15.3,19.3,28.2,17.2
5210158,GO,Ipiranga de Goiás,6.7,14.2,14.0,21.5,28.1,15.4
4310462,RS,Ipiranga do Sul,4.9,9.8,15.3,17.9,31.8,20.3
3521200,SP,Iporanga,9.8,18.2,17.8,22.0,20.3,11.9
2404804,RN,Ipueira,7.8,15.0,15.9,23.0,23.0,15.3
1709807,TO,Ipueiras,12.0,19.2,16.5,23.6,17.9,10.7
4110656,PR,Iracema do Oeste,6.9,13.5,15.8,20.7,26.8,16.3
4207759,SC,Iraceminha,7.0,14.6,15.0,19.4,28.2,15.9
4207858,SC,Irati,6.3,15.3,18.7,19.0,26.9,13.8
5210307,GO,Israelândia,6.2,13.0,16.0,22.1,27.8,15.0
2803104,SE,Itabi,8.5,16.9,18.0,20.5,23.1,12.9
3132008,MG,Itacambira,7.6,17.2,20.7,22.2,20.5,11.9
2607406,PE,Itacuruba,12.4,18.5,19.3,22.9,17.8,9.1
4310553,RS,Itacurubi,7.6,15.2,13.9,19.2,28.1,16.0
4110904,PR,Itaguajé,8.3,15.4,17.7,21.1,24.5,13.0
5210562,GO,Itaguari,7.9,13.9,15.7,23.5,25.7,13.3
3522000,SP,Itaju,8.4,14.1,17.4,22.9,23.4,13.8
3132602,MG,Itamarati de Minas,5.9,11.5,17.6,21.0,28.6,15.4
3132800,MG,Itambé do Mato Dentro,7.4,13.4,17.2,19.5,26.2,16.4
3522158,SP,Itaóca,7.7,18.7,14.6,20.1,23.4,15.6
3522653,SP,Itapirapuã Paulista,10.2,20.3,17.6,22.0,18.5,11.4
1710904,TO,Itapiratins,9.9,18.8,16.8,22.9,20.4,11.2
1711100,TO,Itaporã do Tocantins,10.1,17.8,17.5,24.0,20.4,10.3
4310579,RS,Itapuca,7.0,15.4,15.5,19.7,27.7,14.8
3523008,SP,Itapura,8.3,14.4,17.2,23.1,24.4,12.7
4310652,RS,Itati,6.0,14.6,13.4,18.4,29.1,18.5
4310702,RS,Itatiba do Sul,6.0,14.1,15.5,15.9,31.3,17.3
5104559,MT,Itaúba,9.9,18.0,17.9,23.7,22.3,8.2
1600253,AP,Itaubal,14.3,25.7,20.4,19.9,14.3,5.5
4111308,PR,Itaúna do Sul,9.0,15.3,17.1,20.9,22.4,15.4
3134509,MG,Itutinga,7.0,13.7,17.0,21.0,27.7,13.7
4111605,PR,Ivatuba,5.5,13.1,27.0,17.6,24.0,12.7
5211602,GO,Ivolândia,6.7,12.6,13.9,21.2,29.9,15.7
4310751,RS,Ivorá,5.7,11.0,15.5,17.6,29.0,21.2
4208609,SC,Jaborá,6.5,12.7,17.2,18.5,29.0,16.2
4111704,PR,Jaboti,7.6,15.2,14.5,23.7,25.4,13.6
4310850,RS,Jaboticaba,7.9,15.3,14.2,19.1,27.7,15.8
4310876,RS,Jacuizinho,7.4,14.7,15.8,20.9,26.6,14.6
4310900,RS,Jacutinga,5.7,10.8,16.4,18.5,30.3,18.3
3135001,MG,Jaguaraçu,7.8,14.5,17.8,22.4,25.3,12.2
3135308,MG,Japaraíba,9.1,15.4,18.4,24.7,23.1,9.3
4112306,PR,Japira,8.6,15.6,15.9,20.8,24.9,14.1
4311122,RS,Jaquirana,9.4,17.0,14.1,18.5,26.4,14.7
2405504,RN,Jardim de Angicos,10.1,16.8,18.8,20.2,20.1,14.0
2205250,PI,Jardim do Mulato,10.0,17.1,18.5,20.5,21.7,12.3
4112603,PR,Jardim Olinda,8.3,14.5,17.1,21.9,26.1,12.2
4208955,SC,Jardinópolis,6.1,15.2,17.0,18.5,29.7,13.5
4311130,RS,Jari,6.5,13.4,15.0,21.9,27.3,15.8
5005103,MS,Jateí,9.4,15.4,17.6,24.6,23.4,9.7
2205276,PI,Jatobá do Piauí,8.9,15.3,16.8,22.5,21.5,14.9
1711506,TO,Jaú do Tocantins,10.1,17.1,13.9,22.1,23.5,13.4
5212006,GO,Jaupaci,6.7,15.0,14.4,22.3,26.6,15.0
3525409,SP,Jeriquara,9.3,16.0,18.0,24.5,21.2,11.1
2205300,PI,Jerumenha,9.3,18.1,19.1,20.4,20.3,12.8
3135902,MG,Jesuânia,6.4,14.5,16.4,22.4,26.1,14.2
5212055,GO,Jesúpolis,8.1,15.6,17.0,21.4,24.4,13.5
2205359,PI,João Costa,9.8,15.6,19.6,23.8,20.2,11.0
2405900,RN,João Dias,9.3,16.7,20.8,21.7,18.7,12.8
3525607,SP,João Ramalho,8.9,14.5,18.8,23.5,23.5,10.9
3136405,MG,Joaquim Felício,8.2,15.6,18.8,20.4,22.9,14.0
4209151,SC,José Boiteux,9.5,17.8,17.5,20.9,21.8,12.4
3136520,MG,José Gonçalves de Minas,10.1,19.3,23.1,23.4,16.9,7.3
3136553,MG,José Raydan,8.6,17.5,17.3,20.8,21.0,14.8
3136579,MG,Josenópolis,11.7,22.1,20.3,17.6,18.4,9.9
1711803,TO,Juarina,10.2,19.3,17.9,22.5,21.3,8.8
2205516,PI,Juazeiro do Piauí,10.7,19.2,19.0,20.9,19.0,11.2
3525805,SP,Júlio Mesquita,7.2,16.7,17.4,22.2,22.8,13.8
3525854,SP,Jumirim,7.7,13.8,19.4,25.2,22.1,11.8
2105658,MA,Junco do Maranhão,12.2,22.4,20.5,21.5,15.8,7.6
2406155,RN,Jundiá,9.6,18.4,18.9,21.8,17.7,13.7
2703908,AL,Jundiá,10.2,20.4,20.3,20.9,19.1,9.1
4112900,PR,Jundiaí do Sul,7.7,16.0,15.6,18.5,27.4,14.8
4209177,SC,Jupiá,7.8,15.4,16.2,19.7,26.5,14.5
3136801,MG,Juramento,8.3,17.0,18.6,23.3,21.0,11.8
2205532,PI,Jurema,10.3,17.3,20.1,22.7,18.3,11.4
4113106,PR,Kaloré,6.3,11.5,15.6,19.6,27.9,19.1
4209201,SC,Lacerdópolis,6.7,12.6,13.9,21.0,28.7,17.1
2918704,BA,Lafaiete Coutinho,7.6,14.1,18.1,22.2,22.7,15.3
2508109,PB,Lagoa,8.3,16.0,18.0,21.7,21.2,14.9
4311239,RS,Lagoa Bonita do Sul,8.4,14.8,15.0,22.8,24.7,14.3
2406403,RN,Lagoa de Velhos,9.7,17.8,20.3,20.4,18.9,12.9
2205565,PI,Lagoa do Barro do Piauí,9.6,18.0,20.4,21.8,18.2,12.0
2205581,PI,Lagoa do Piauí,10.3,17.0,19.7,23.1,19.1,10.9
2205599,PI,Lagoa do Sítio,10.6,16.7,16.4,22.2,22.0,12.2
1711951,TO,Lagoa do Tocantins,15.6,22.4,17.4,18.9,17.2,8.6
3137304,MG,Lagoa dos Patos,9.0,17.9,20.2,22.7,18.8,11.6
4311270,RS,Lagoa dos Três Cantos,4.6,10.6,14.0,18.3,31.3,21.1
5212253,GO,Lagoa Santa,6.9,15.7,17.0,22.4,26.3,11.7
3526308,SP,Lagoinha,6.4,14.3,15.8,20.5,25.2,17.8
2205540,PI,Lagoinha do Piauí,9.9,18.0,18.1,20.8,20.7,12.5
1712009,TO,Lajeado,11.9,18.5,17.3,25.5,18.8,8.2
4311429,RS,Lajeado do Bugre,9.7,16.6,15.1,20.3,23.8,14.5
4209458,SC,Lajeado Grande,6.2,12.0,17.1,19.6,29.3,15.7
2918902,BA,Lajedão,9.2,15.3,16.2,22.3,22.9,14.2
2919009,BA,Lajedinho,10.0,17.9,18.8,20.9,20.3,12.2
2406809,RN,Lajes Pintadas,8.3,16.6,19.7,21.1,20.5,13.9
3137908,MG,Lamim,8.1,15.0,15.3,21.8,23.9,15.9
2508406,PB,Lastro,8.9,14.7,17.7,23.1,21.5,14.1
1712157,TO,Lavandeira,11.5,18.4,16.1,23.6,21.5,8.9
3138302,MG,Leandro Ferreira,8.0,13.8,17.2,22.7,23.4,14.9
3138351,MG,Leme do Prado,8.7,18.4,21.6,22.3,20.0,9.0
4209805,SC,Leoberto Leal,8.3,13.8,16.7,23.1,26.1,12.2
4113403,PR,Leópolis,6.9,13.9,16.5,21.3,26.7,14.8
4113429,PR,Lidianópolis,7.1,12.1,15.4,19.1,28.5,17.9
4209854,SC,Lindóia do Sul,7.1,12.5,15.0,21.5,28.3,15.6
4311643,RS,Linha Nova,6.0,10.0,13.6,20.1,29.1,21.1
1712405,TO,Lizarda,12.3,22.2,17.7,16.7,20.5,10.6
4113601,PR,Lobato,7.8,13.3,15.9,24.5,26.9,11.6
2508554,PB,Logradouro,10.3,15.9,20.3,21.6,18.0,14.0
3527256,SP,Lourdes,6.4,11.6,15.4,23.4,26.6,16.7
3527504,SP,Lucianópolis,7.6,15.4,14.5,24.1,22.4,15.9
5105309,MT,Luciara,10.6,18.1,18.0,21.9,21.1,10.3
2406908,RN,Lucrécia,8.9,15.9,18.3,23.5,20.3,13.2
3527801,SP,Lupércio,8.6,15.3,16.5,22.7,23.4,13.6
4113809,PR,Lupionópolis,7.3,14.2,16.3,20.8,25.9,15.5
3527900,SP,Lutécia,7.5,13.7,17.0,22.0,24.8,15.0
1712454,TO,Luzinópolis,12.5,19.4,17.8,21.5,18.3,10.5
4311718,RS,Maçambará,8.4,17.2,15.1,21.8,26.8,10.7
3528205,SP,Macedônia,6.0,12.2,14.6,21.8,28.5,17.0
4210050,SC,Macieira,7.7,16.1,17.4,21.6,25.1,12.1
3139102,MG,Madre de Deus de Minas,7.4,13.8,16.0,21.7,27.0,14.1
2508703,PB,Mãe d'Água,10.0,17.0,17.6,22.0,20.3,13.1
3528304,SP,Magda,6.3,10.8,14.8,21.9,27.9,18.2
5212600,GO,Mairipotaba,7.1,12.1,14.6,22.9,28.4,14.9
4210209,SC,Major Gercino,7.3,14.4,16.8,21.7,25.0,14.9
2407252,RN,Major Sales,10.6,15.8,17.0,20.8,21.8,14.0
2803807,SE,Malhada dos Bois,11.6,18.8,19.0,23.0,18.8,8.8
4311734,RS,Mampituba,7.9,14.6,16.6,20.0,27.7,13.3
4114351,PR,Manfrinópolis,8.1,17.9,17.0,20.5,24.7,12.0
2704906,AL,Mar Vermelho,9.5,19.0,16.1,23.1,20.2,12.1
3528700,SP,Marabá Paulista,6.1,10.0,22.0,30.2,21.3,10.4
3528858,SP,Marapoama,6.0,12.8,15.8,24.4,26.1,14.9
4311791,RS,Maratá,4.6,12.7,13.1,20.6,28.6,20.4
2206001,PI,Marcos Parente,10.5,16.4,17.7,21.1,21.1,13.2
4210555,SC,Marema,5.1,14.3,15.5,19.7,30.1,15.3
4311981,RS,Mariana Pimentel,6.2,12.4,14.7,19.4,28.6,18.8
4312005,RS,Mariano Moro,5.7,12.2,13.8,19.2,31.8,17.4
1712504,TO,Marianópolis do Tocantins,11.3,18.9,16.8,22.9,21.2,8.9
3528908,SP,Mariápolis,7.4,12.4,17.7,21.8,25.4,15.3
3140100,MG,Marilac,9.1,18.4,18.9,20.0,20.1,13.6
3529104,SP,Marinópolis,6.1,14.0,15.7,22.6,27.7,14.0
3140209,MG,Maripá de Minas,7.4,12.9,15.6,21.8,26.0,16.3
3140308,MG,Marliéria,7.8,15.8,15.4,21.9,23.9,15.2
3140407,MG,Marmelópolis,7.1,14.5,17.4,21.4,26.5,13.1
4312054,RS,Marques de Souza,5.4,9.9,14.5,18.0,28.9,23.2
4115457,PR,Marquinho,9.0,19.1,17.3,20.6,23.3,10.6
4115507,PR,Marumbi,6.8,13.5,18.4,21.0,25.8,14.5
5212907,GO,Marzagão,8.1,15.7,15.9,23.0,23.0,14.2
1712702,TO,Mateiros,14.4,22.4,20.6,20.8,15.4,6.5
3140605,MG,Materlândia,8.6,17.2,18.4,19.9,20.4,15.5
3171501,MG,Mathias Lobato,10.6,18.4,19.4,19.6,21.2,10.9
2509339,PB,Matinhas,10.7,18.3,19.2,20.3,18.8,12.7
4312138,RS,Mato Castelhano,7.4,13.2,15.1,21.1,27.3,16.0
2509370,PB,Mato Grosso,9.7,15.9,19.1,21.5,21.5,12.3
4312153,RS,Mato Leitão,6.2,12.8,14.6,23.1,27.6,15.8
4312179,RS,Mato Queimado,6.5,13.0,12.0,18.5,27.2,22.8
4115739,PR,Mato Rico,8.3,15.3,17.5,21.2,25.8,11.9
4210704,SC,Matos Costa,11.1,17.9,16.6,20.8,23.1,10.6
5212956,GO,Matrinchã,7.8,15.7,15.9,25.2,25.2,10.2
3141207,MG,Matutina,6.1,13.2,14.5,20.1,27.4,18.7
1712801,TO,Maurilândia do Tocantins,12.9,21.0,17.9,20.2,18.8,9.2
4312203,RS,Maximiliano de Almeida,6.2,14.1,14.8,19.0,28.1,17.9
3141306,MG,Medeiros,8.0,15.2,16.0,23.3,26.0,11.5
3529500,SP,Mendonça,6.3,12.5,16.6,22.3,26.6,15.8
3529609,SP,Meridiano,6.5,12.2,15.2,23.0,27.1,15.9
3529658,SP,Mesópolis,7.7,13.3,15.4,21.3,26.6,15.8
2407609,RN,Messias Targino,10.0,16.9,17.4,23.8,20.4,11.6
2206308,PI,Miguel Leão,11.2,18.9,18.5,22.4,18.1,10.9
5213053,GO,Mimoso de Goiás,9.1,17.0,13.7,24.1,23.7,12.4
3141900,MG,Minduri,7.0,15.2,17.0,21.5,26.2,13.1
3530003,SP,Mira Estrela,6.2,12.9,14.7,21.0,28.2,17.1
4115903,PR,Mirador,9.5,13.7,19.5,20.1,24.2,13.1
4312302,RS,Miraguaí,7.3,14.6,15.6,18.3,27.7,16.5
4116000,PR,Miraselva,6.6,12.3,15.6,22.0,25.9,17.6
3530409,SP,Mirassolândia,8.0,12.9,15.4,22.9,24.8,16.0
3142254,MG,Miravânia,9.7,20.1,18.6,20.1,19.4,12.1
4210852,SC,Mirim Doce,7.1,16.7,15.5,20.2,25.4,15.1
4210902,SC,Modelo,7.1,14.4,16.7,21.6,26.6,13.6
3142304,MG,Moeda,7.6,15.0,14.1,21.4,25.3,16.6
5213400,GO,Moiporá,6.0,14.3,13.6,20.4,28.9,16.7
3530904,SP,Mombuca,8.8,15.2,17.8,23.7,23.2,11.4
3531001,SP,Monções,6.6,10.4,14.0,22.2,28.4,18.5
3142502,MG,Monjolos,8.2,16.5,17.3,21.9,22.7,13.4
2509503,PB,Montadas,10.0,17.1,17.7,21.8,18.9,14.5
4312351,RS,Montauri,4.5,10.1,13.4,17.8,33.1,21.1
4312377,RS,Monte Alegre dos Campos,7.7,17.4,14.2,17.6,27.4,15.7
4312385,RS,Monte Belo do Sul,4.2,8.5,14.3,18.7,30.8,23.4
3531605,SP,Monte Castelo,6.1,12.4,15.0,20.9,27.6,18.0
2407906,RN,Monte das Gameleiras,9.9,17.2,20.6,21.5,18.9,11.9
3143153,MG,Monte Formoso,11.2,23.3,17.0,19.3,17.6,11.6
2509602,PB,Monte Horebe,10.1,17.0,19.9,22.0,17.9,13.1
1713700,TO,Monte Santo do Tocantins,9.2,17.6,15.6,22.5,22.9,12.2
3531704,SP,Monteiro Lobato,8.0,15.2,15.2,21.8,24.9,14.9
5213772,GO,Montividiu do Norte,8.6,19.7,14.5,22.8,23.3,11.1
4312427,RS,Mormaço,7.5,14.2,14.4,20.2,26.8,17.0
4312443,RS,Morrinhos do Sul,5.1,11.1,16.0,20.2,31.5,16.2
5213855,GO,Morro Agudo de Goiás,6.2,15.0,13.8,23.0,26.9,15.2
2206654,PI,Morro Cabeça no Tempo,11.5,21.3,19.5,20.1,17.8,9.8
3143609,MG,Morro da Garça,8.4,16.3,17.1,22.1,22.9,13.3
3143708,MG,Morro do Pilar,7.0,15.6,16.8,20.1,24.1,16.4
4211256,SC,Morro Grande,7.3,13.3,19.6,21.4,27.3,11.2
3532058,SP,Motuca,8.4,13.3,17.9,24.0,25.5,10.9
4312609,RS,Muçum,6.0,10.5,13.5,19.3,28.7,22.0
4312617,RS,Muitos Capões,8.9,15.2,15.3,21.3,24.5,14.8
4312625,RS,Muliterno,7.5,14.1,17.4,18.8,28.5,13.7
4116307,PR,Munhoz de Melo,6.5,13.9,17.3,19.3,26.2,16.8
1713957,TO,Muricilândia,12.1,19.9,18.2,21.2,18.7,9.9
3532108,SP,Murutinga do Sul,5.8,12.5,13.5,20.2,28.9,19.2
5214101,GO,Mutunópolis,7.6,16.3,15.2,22.6,25.0,13.4
3144201,MG,Nacip Raydan,8.7,17.7,17.3,20.0,20.7,15.6
3532157,SP,Nantes,8.8,16.9,17.7,24.0,22.3,10.3
3532207,SP,Narandiba,8.6,15.2,18.5,23.2,23.6,10.9
3144375,MG,Natalândia,9.0,17.4,18.6,22.5,22.0,10.6
3144409,MG,Natércia,6.4,12.3,14.0,21.5,28.6,17.2
1714302,TO,Nazaré,10.8,18.3,17.4,21.8,18.8,12.8
4312674,RS,Nicolau Vergueiro,7.5,11.5,14.0,19.2,30.3,17.6
3532702,SP,Nipoã,8.5,12.1,18.6,26.1,22.9,11.9
4116406,PR,Nossa Senhora das Graças,6.3,14.5,17.4,21.2,27.8,12.8
2206753,PI,Nossa Senhora de Nazaré,8.5,15.0,17.5,23.0,20.4,15.6
4116505,PR,Nova Aliança do Ivaí,8.7,14.3,19.3,23.5,23.4,10.9
4312757,RS,Nova Alvorada,7.0,13.4,15.8,22.5,26.1,15.2
5214705,GO,Nova América,7.0,13.9,15.9,22.4,24.9,15.8
4116604,PR,Nova América da Colina,8.3,15.1,17.2,21.9,24.9,12.6
4312807,RS,Nova Araçá,5.3,11.2,17.9,22.3,28.5,14.9
5214804,GO,Nova Aurora,7.9,12.5,13.8,23.2,26.5,16.3
3144672,MG,Nova Belém,9.1,17.8,16.4,23.2,23.2,10.3
4312955,RS,Nova Boa Vista,4.3,9.9,14.0,18.4,33.3,20.1
5106208,MT,Nova Brasilândia,8.7,16.7,16.7,23.8,23.1,11.1
4313003,RS,Nova Bréscia,4.3,11.8,15.6,18.4,28.7,21.1
3532843,SP,Nova Canaã Paulista,5.4,11.1,12.4,19.8,30.2,21.1
4313011,RS,Nova Candelária,5.3,10.7,15.2,20.7,30.6,17.5
3532868,SP,Nova Castilho,7.6,13.8,15.3,22.4,26.0,14.9
2107258,MA,Nova Colinas,12.8,22.6,19.6,19.7,16.2,9.1
4211405,SC,Nova Erechim,6.6,14.7,17.5,23.2,26.2,11.7
4313037,RS,Nova Esperança do Sul,6.2,12.4,16.6,22.7,27.9,14.1
5108808,MT,Nova Guarita,8.1,17.6,16.4,22.0,24.9,11.2
3533106,SP,Nova Guataporanga,6.7,12.8,14.2,20.6,27.2,18.5
5214879,GO,Nova Iguaçu de Goiás,8.5,15.3,15.9,25.1,23.7,11.5
3533205,SP,Nova Independência,9.4,14.6,17.4,25.1,22.7,10.9
2107308,MA,Nova Iorque,11.1,18.7,19.5,19.3,19.2,12.3
4211454,SC,Nova Itaberaba,7.0,16.5,16.5,20.1,28.3,11.7
3533304,SP,Nova Luzitânia,8.6,12.9,16.2,27.0,22.7,12.6
5108857,MT,Nova Marilândia,10.6,16.9,18.5,25.0,20.4,8.6
3144904,MG,Nova Módica,8.5,16.6,16.9,20.6,22.3,15.2
5106174,MT,Nova Nazaré,15.6,21.3,17.3,21.9,14.7,9.3
4313086,RS,Nova Pádua,5.3,9.8,14.5,18.0,32.0,20.3
2510303,PB,Nova Palmeira,8.4,16.1,17.1,23.0,21.3,14.3
4313334,RS,Nova Ramada,6.3,12.1,13.5,20.9,29.5,17.8
5214903,GO,Nova Roma,9.9,16.7,15.6,19.4,25.6,12.9
4313359,RS,Nova Roma do Sul,5.6,11.8,13.7,19.9,30.5,18.6
1715002,TO,Nova Rosalândia,10.2,18.5,16.2,20.3,22.0,12.8
